10101010
11111111
22222222
33333333
10101010
11111111
22222222
33333333
10101010
11111111
22222222
33333333
10101010
11111111
22222222
33333333
10101010
11111111
22222222
33333333
10101010
11111111
22222222
33333333
10101010
11111111
22222222
33333333
10101010
11111111
22222222
33333333
10101010
11111111
22222222
33333333
10101010
11111111
22222222
33333333
10101010
11111111
22222222
33333333
10101010
11111111
22222222
33333333
10101010
11111111
22222222
33333333
10101010
11111111
22222222
33333333
10101010
11111111
22222222
33333333
10101010
11111111
22222222
33333333
10101010
11111111
22222222
33333333
10101010
11111111
22222222
33333333